genotype	HEADER_SHAPES	area	hull-area	solidity	perimeter	width	height	longest_axis	center-of-mass-x	center-of-mass-y	hull_vertices	in_bounds	ellipse_center_x	ellipse_center_y	ellipse_major_axis	ellipse_minor_axis	ellipse_angle	ellipse_eccentricity	marker_area
Cs002	SHAPES_DATA	1655.0	1618.5	1.02255174544	166.610171676	40	62	62	2154.57885196	2451.40060423	26	True	2154.48095703	2451.10327148	66.7571029663	30.4129924774	156.244918823	0.890196444204	207801.0
Cs002	SHAPES_DATA	1657.0	1633.0	1.01469687691	163.681239367	55	47	49	2524.62643331	2384.84490042	25	True	2524.71557617	2384.75219727	63.2444114685	32.1006546021	53.2031135559	0.861613423877	207801.0
Cs002	SHAPES_DATA	979.0	937.0	1.04482390608	125.597979069	49	24	48	1623.82431052	2319.84780388	19	True	1624.17651367	2319.81274414	51.3515396118	23.2017173767	81.5757064819	0.892108484544	207801.0
Cs002	SHAPES_DATA	953.0	925.0	1.03027027027	130.083260298	24	52	52	1683.02203568	2302.97796432	18	True	1683.09912109	2302.57299805	53.5652885437	21.6756095886	9.00033473969	0.914468205347	207801.0
Cs002	SHAPES_DATA	927.0	907.5	1.02148760331	131.882249832	32	50	48	2119.45523193	2269.7626753	24	True	2119.2878418	2269.40625	54.6579437256	20.6755981445	156.044723511	0.925694280068	207801.0
Cs002	SHAPES_DATA	2200.0	2764.5	0.795803942847	252.651801825	61	69	58	1753.735	2240.00818182	22	True	1755.81152344	2238.62353516	69.788192749	50.838848114	149.902786255	0.685073995224	207801.0
Cs002	SHAPES_DATA	1191.0	1157.0	1.02938634399	133.053822756	39	43	40	1966.62468514	2195.16960537	22	True	1966.60778809	2195.17651367	48.438835144	29.8489151001	36.9962654114	0.78757509942	207801.0
Cs002	SHAPES_DATA	1316.0	1292.0	1.01857585139	144.367531061	46	44	41	1781.88297872	2170.18237082	20	True	1781.92797852	2170.12084961	54.7425231934	29.5165519714	49.6461334229	0.842184959073	207801.0
Cs002	SHAPES_DATA	1264.0	1237.5	1.02141414141	144.024385214	44	47	43	1451.45411392	2165.97389241	26	True	1451.56005859	2165.86254883	56.7716522217	27.2541313171	38.7877426147	0.877232456315	207801.0
Cs002	SHAPES_DATA	860.0	842.5	1.02077151335	126.367531061	39	42	38	1936.28372093	2151.91162791	19	True	1935.96032715	2152.30786133	52.3612442017	20.4214859009	39.7931747437	0.920809997825	207801.0
Cs002	SHAPES_DATA	1059.0	1033.5	1.02467343977	132.911687374	52	27	50	1654.30311615	2128.09442871	19	True	1654.37145996	2128.00317383	52.5914115906	24.8266925812	98.5918502808	0.881562442626	207801.0
Cs002	SHAPES_DATA	1854.0	1824.5	1.01616881337	175.781744599	63	43	58	2009.64455232	2118.79665588	26	True	2009.7097168	2118.87402344	68.1694412231	33.5503616333	114.206680298	0.870504016609	207801.0
Cs002	SHAPES_DATA	637.0	618.5	1.02991107518	110.769551992	45	18	45	2203.93563579	2067.7833595	17	True	2203.67431641	2067.81835938	47.8557548523	16.1959285736	94.6433258057	0.94099077759	207801.0
Cs002	SHAPES_DATA	1083.0	1057.5	1.02411347518	138.426406145	55	24	54	2021.53185596	2041.18097876	19	True	2021.29052734	2041.15515137	57.3894996643	23.0259838104	91.1977844238	0.915980432105	207801.0
Cs002	SHAPES_DATA	1440.0	1410.5	1.0209145693	150.568541527	57	32	52	1868.59166667	2038.94375	25	True	1868.78125	2038.99291992	57.6820983887	30.5788860321	96.3387069702	0.847917729978	207801.0
Cs002	SHAPES_DATA	1313.0	1286.5	1.02059852312	147.639609218	57	32	54	2175.29093679	2019.99009901	24	True	2175.28735352	2019.98950195	58.9817619324	27.1426315308	74.5092163086	0.887822087139	207801.0
Cs002	SHAPES_DATA	1800.0	1767.0	1.01867572156	171.338093519	53	54	50	2009.05888889	1989.10166667	24	True	2008.93994141	1988.98852539	66.2269592285	33.4762420654	135.021026611	0.862839748522	207801.0
Cs002	SHAPES_DATA	1582.0	1551.0	1.01998710509	165.095452905	48	55	53	2556.39127686	1959.98735777	22	True	2556.5090332	1959.82580566	65.9667205811	29.5343055725	39.637840271	0.894176197141	207801.0
Cs002	SHAPES_DATA	1637.0	1610.0	1.01677018634	161.539103985	60	38	58	2031.3579719	1944.96884545	26	True	2031.29919434	1944.94030762	62.8656005859	31.8453292847	107.907615662	0.862203491559	207801.0
Cs002	SHAPES_DATA	859.0	830.5	1.0343166767	122.66904676	22	50	20	2238.36903376	1910.85448196	23	True	2238.38452148	1910.67590332	49.1416091919	20.9765357971	5.0441236496	0.904318215638	207801.0
Cs002	SHAPES_DATA	1638.0	1606.0	1.0199252802	163.338093519	53	50	46	2549.0006105	1896.45054945	26	True	2548.99560547	1896.44616699	64.1126327515	31.3328361511	132.435546875	0.872443223748	207801.0
Cs002	SHAPES_DATA	1600.0	1561.0	1.02498398463	164.994947672	54	51	50	2079.8525	1889.30125	25	True	2079.98022461	1889.42102051	66.7859649658	29.3663063049	133.037704468	0.898140910808	207801.0
Cs002	SHAPES_DATA	1608.0	1577.0	1.01965757768	161.923879981	50	52	49	3142.02487562	1879.13681592	27	True	3142.11376953	1879.04992676	63.885509491	30.8727245331	41.5630683899	0.875481952828	207801.0
Cs002	SHAPES_DATA	1785.0	1761.0	1.0136286201	174.166520596	56	53	50	2492.40840336	1866.65322129	28	True	2492.5012207	1866.76147461	67.0310058594	32.8934745789	134.570632935	0.871317162573	207801.0
Cs002	SHAPES_DATA	1682.0	1657.5	1.01478129713	166.811182141	33	65	65	1800.61533888	1858.76337693	26	True	1800.68261719	1858.78552246	65.4328994751	31.5679740906	3.85690689087	0.875924590868	207801.0
Cs002	SHAPES_DATA	1748.0	1708.0	1.02341920375	170.468036294	33	68	68	1046.59610984	1851.56350114	27	True	1046.71166992	1851.57531738	68.2323150635	31.5855293274	172.022521973	0.886404457108	207801.0
Cs002	SHAPES_DATA	1604.0	1567.5	1.02328548644	161.053822756	62	34	62	2929.98254364	1832.30361596	21	True	2929.82714844	1832.35424805	63.685131073	30.7997760773	77.2400512695	0.875274831516	207801.0
Cs002	SHAPES_DATA	700.0	679.5	1.03016924209	115.882249832	31	43	41	1972.05142857	1835.73	22	True	1971.97106934	1835.81726074	49.8107643127	16.9788608551	31.8506546021	0.940111420123	207801.0
Cs002	SHAPES_DATA	1918.0	1896.5	1.01133667282	182.267025828	64	46	59	3028.14546403	1814.05005214	25	True	3027.93310547	1813.91296387	70.6414337158	33.7264633179	117.656066895	0.878668836445	207801.0
Cs002	SHAPES_DATA	1545.0	1515.5	1.01946552293	158.811182141	33	61	59	2156.29514563	1811.33592233	23	True	2156.17089844	1811.45019531	62.5563850403	30.5529460907	9.06623268127	0.872616224249	207801.0
Cs002	SHAPES_DATA	751.0	727.5	1.0323024055	115.012192607	22	46	45	1775.40878828	1756.96671105	18	True	1775.49926758	1757.09594727	46.871421814	19.355463028	169.146743774	0.910754574019	207801.0
Cs002	SHAPES_DATA	724.0	700.5	1.0335474661	113.882249832	32	41	38	2756.98342541	1746.11464088	20	True	2756.76245117	1745.87854004	47.7160491943	18.3780441284	144.884185791	0.922852167567	207801.0
Cs002	SHAPES_DATA	1216.0	1212.5	1.00288659794	151.882249832	57	33	52	1912.72697368	1735.91447368	26	True	1912.46484375	1735.77038574	59.0974121094	25.2305488586	107.473365784	0.904283951275	207801.0
Cs002	SHAPES_DATA	1658.0	1621.0	1.02282541641	164.468036294	63	34	63	2658.68576598	1695.90168878	24	True	2658.68237305	1695.98425293	63.8985710144	31.8834552765	81.8630752563	0.86661939092	207801.0
Cs002	SHAPES_DATA	838.0	866.5	0.967109059435	127.882249832	35	42	42	1914.64558473	1687.4451074	16	True	1915.01062012	1687.15539551	46.5885276794	24.6477489471	38.8045501709	0.848589470995	207801.0
Cs002	SHAPES_DATA	804.0	778.5	1.03275529865	119.497473836	48	24	48	2039.75	1670.63681592	19	True	2039.93908691	1670.73669434	50.0193977356	19.3638496399	103.608894348	0.922026483757	207801.0
Cs002	SHAPES_DATA	1552.0	1527.0	1.01637197119	160.710676908	35	62	59	2762.39690722	1662.66043814	28	True	2762.36621094	1662.71386719	62.6350975037	30.2777519226	14.193318367	0.875400066692	207801.0
Cs002	SHAPES_DATA	746.0	726.5	1.02684101858	118.124890447	38	38	35	1132.00268097	1645.34852547	21	True	1132.16894531	1645.22070312	49.8296318054	18.2330856323	45.0498046875	0.930650832763	207801.0
Cs002	SHAPES_DATA	1746.0	1708.5	1.02194907814	168.568541527	33	65	65	1843.50572738	1619.62886598	23	True	1843.57556152	1619.91662598	66.8006820679	32.3824081421	5.17843532562	0.874646301721	207801.0
Cs002	SHAPES_DATA	1603.0	1582.5	1.01295418641	160.124890447	37	59	51	1926.25951341	1611.91453525	25	True	1926.00292969	1612.27514648	60.009349823	33.6550521851	12.0405855179	0.82793088587	207801.0
Cs002	SHAPES_DATA	1179.0	1160.5	1.01594140457	144.468036294	33	55	50	2654.90839695	1605.3129771	24	True	2654.77758789	1605.47192383	56.7581481934	25.7377681732	21.1726779938	0.891274671661	207801.0
Cs002	SHAPES_DATA	1462.0	1432.5	1.02059336824	154.752307057	48	51	47	2045.79890561	1590.19767442	25	True	2045.65905762	1590.33935547	61.9208831787	29.0508651733	43.6113433838	0.883112637387	207801.0
Cs002	SHAPES_DATA	1084.0	1056.0	1.02651515152	137.254833221	56	24	56	2259.70664207	1561.22324723	21	True	2259.73510742	1561.26318359	56.4636230469	23.2725219727	89.6913146973	0.911107676576	207801.0
Cs002	SHAPES_DATA	1525.0	1500.5	1.0163278907	162.267025828	58	42	53	1508.4	1543.72721311	25	True	1508.38476562	1543.71130371	64.2590866089	29.02186203	119.160888672	0.892201144697	207801.0
Cs002	SHAPES_DATA	1721.0	1694.5	1.01563883151	167.923879981	50	55	53	2663.71876816	1546.65194654	24	True	2663.77319336	1546.7142334	64.7048721313	32.6577911377	140.942092896	0.863283575458	207801.0
Cs002	SHAPES_DATA	1490.0	1462.0	1.01915184679	161.781744599	38	59	57	2344.71543624	1536.75838926	24	True	2344.67895508	1536.74108887	64.3399658203	28.2909393311	22.7398071289	0.898139710043	207801.0
Cs002	SHAPES_DATA	1552.0	1520.5	1.02071686945	159.539103985	37	59	58	1917.50322165	1482.83698454	22	True	1917.45483398	1482.78674316	61.5928764343	30.8061332703	161.521697998	0.865934506643	207801.0
Cs002	SHAPES_DATA	654.0	631.0	1.03645007924	106.66904676	22	43	42	2413.91284404	1457.75229358	19	True	2413.9128418	1457.87207031	42.2051353455	18.491985321	15.5978527069	0.898904122054	207801.0
Cs002	SHAPES_DATA	1646.0	1622.0	1.01479654747	167.639609218	63	34	63	2689.67679222	1433.67375456	22	True	2690.1484375	1433.79541016	66.0519256592	30.9249477386	100.742729187	0.883627044371	207801.0
Cs002	SHAPES_DATA	2521.0	3112.5	0.809959839357	268.249780893	69	78	74	2465.61443871	1453.97699326	26	True	2467.43286133	1454.94445801	85.4923782349	46.5967254639	43.0093078613	0.838410348894	207801.0
Cs002	SHAPES_DATA	1534.0	1507.0	1.01791639018	163.396968603	65	31	65	2928.39504563	1427.80508475	27	True	2928.2253418	1427.84313965	65.8301239014	28.4765090942	80.4984207153	0.901597638089	207801.0
Cs002	SHAPES_DATA	1806.0	1783.0	1.0128996074	175.438598752	43	64	59	2757.39368771	1412.39700997	25	True	2757.43164062	1412.55566406	68.1968841553	32.715675354	154.74810791	0.877419499494	207801.0
Cs002	SHAPES_DATA	813.0	791.0	1.02781289507	122.468036294	33	44	44	2559.1303813	1392.6900369	19	True	2559.05224609	1392.51025391	50.3117904663	19.5878429413	148.405273438	0.921098729698	207801.0
Cs002	SHAPES_DATA	1021.0	995.0	1.02613065327	133.438598752	47	39	42	2122.53085211	1291.38687561	19	True	2122.64306641	1291.49475098	55.5036201477	22.6341629028	127.360427856	0.913072995824	207801.0
Cs002	SHAPES_DATA	1896.0	1867.0	1.01553294055	177.438598752	43	63	60	1597.3064346	1294.68776371	25	True	1597.18395996	1294.49169922	67.6951217651	34.6301498413	157.539672852	0.859247264961	207801.0
Cs002	SHAPES_DATA	1249.0	1216.5	1.02671598849	145.74011445	57	29	55	2549.48919135	1235.5948759	23	True	2549.078125	1235.48706055	59.2774734497	25.837677002	102.020507812	0.900006329001	207801.0
Cs002	SHAPES_DATA	1295.0	1264.5	1.02412020561	147.982755065	28	57	56	2364.46023166	1236.08880309	20	True	2364.36474609	1236.6583252	57.9553833008	27.7964954376	2.16006302834	0.877476916922	207801.0
Cs002	SHAPES_DATA	1218.0	1194.5	1.01967350356	142.468036294	53	34	50	1888.37684729	1210.91461412	26	True	1888.50073242	1210.97912598	55.564289093	26.681684494	111.945762634	0.877161856695	207801.0
Cs002	SHAPES_DATA	1353.0	1323.5	1.02228938421	151.74011445	59	29	59	2538.36363636	1112.39541759	27	True	2538.12451172	1112.45227051	60.4709854126	27.3901062012	84.5718460083	0.891537824628	207801.0
Cs002	SHAPES_DATA	1223.0	1209.5	1.01116163704	151.923879981	50	46	48	3259.30907604	1115.04905969	25	True	3259.49584961	1114.90112305	62.3055839539	24.1046009064	50.0084152222	0.922131304841	207801.0
Cs002	SHAPES_DATA	794.0	779.5	1.01860166774	122.468036294	45	32	41	2285.75440806	1051.26574307	19	True	2285.63989258	1051.38928223	51.6648292542	18.8948001862	59.6869812012	0.93072538785	207801.0
Cs002	SHAPES_DATA	1326.0	1302.5	1.01804222649	147.882249832	55	35	48	2704.83257919	725.59653092	24	True	2705.15136719	725.376708984	58.093044281	28.2763938904	70.0313110352	0.873545112535	207801.0
Cs002	SHAPES_DATA	862.0	841.0	1.02497027348	125.396968603	45	32	39	2123.66009281	625.6612529	22	True	2123.68505859	625.684936523	50.4755058289	20.5788440704	118.71105957	0.91311610846	207801.0
Cs002	SHAPES_DATA	866.0	844.0	1.02606635071	124.710676908	35	44	40	2255.69745958	478.570438799	22	True	2255.44970703	478.369934082	50.7967948914	20.9288272858	144.601531982	0.911178969194	207801.0
Cs002	SHAPES_DATA	1268.0	1236.5	1.02547513142	149.539103985	55	37	54	2094.01340694	301.052050473	25	True	2093.76977539	301.21496582	61.2859611511	25.2635593414	62.541343689	0.911082415652	207801.0
